31220110
48833673
13344697
24934003
37423747
28741087
38622371
52237863
64135666
34229601
12321504
44928966
91946983
41532100
40829185
41320786
28347431
14428049
80947964
22836107
22722926
95443265
63234663
52341868
8838039
70236535
41721552
43525346
9939806
68641007
18734094
70735141
82822114
84126046
36124579
2636866
8740625
10439399
544388
83622664
67445824
3823170
54238660
8247151
10531827
60727347
92939904
74125548
80442370
82522195
83936258
28825224
39425651
55230607
4734761
53325965
36445304
57349584
39248966
67028096
36547869
49121217
81846507
47448359
82735791
64637151
77644519
40532142
79430224
58531708
70043914
96538908
66246604
1439085
84643086
33032565
64233192
4530738
11931413
64339741
81641174
24625410
70821197
52946081
35146646
16235244
98946895
30436419
50242157
5024346
26137351
84441568
97139162
65536674
86626398
327232
90243221
93548635
26921359
83332206
20246775
96432054
26037011
74748466
23244693
29225479
13421148
94325399
94848431
76633831
74443175
19644121
78731082
41846484
84539010
81149204
77148708
48140300
45528851
44632483
27730415
34331510
77226245
21745651
29921999
71931917
83222627
19327729
98535740
16136011
25921383
50326880
30930498
28623384
1038268
95922294
32534907
3143613
81943852
30545233
29142236
72626533
26234196
94034389
86237333
85420767
46740817
61940955
19449988
21123434
71845510
23325244
22642221
81020363
41242176
58643552
37837990
97432493
14733491
93339344
2731297
72727871
97737884
29822383
51338346
12036480
87836232
31932869
73143040
76320036
79933854
52739627
20146090
84939592
55034912
71637359
47927721
99645572
70520291
78122063
10129273
46037545
66846196
15625722
31120065
28139613
91322786
15345819
96621150
30344681
59645804
17946300
25635277
30123330
86146684
23834146
91532059
50634873
23132812
53923699
32225104
2239310
79049689
85126416
4241654
69440787
53825426
2448723
80326862
95647862
19937612
51147028
23747416
85644556
84720673
10620087
43947969
55829243
13544445
31738812
62035739
49926249
6639979
58737648
61433529
45441940
85946670
53549558
89343405
32320352
12425158
46439965
39544270
42744158
14221226
22328933
88136621
71230209
34545029
79824666
14136770
11323347
69543587
56436949
52141418
73038323
52043067
33849113
91223077
5735945
74936611
2045807
61049334
43734674
59928969
38328854
2341999
921699
5834466
50737937
18126689
97241208
86838663
65432854
4831274
24825036
73643081
63649402
60324982
3648553
35446998
90632293
68932736
14942461
91142246
7940070
36230820
40631747
33732970
52840350
21526566
88249681
22133145
59324377
50927311
79640330
40422588
46942806
71549844
98839685
60532126
9428989
67230396
51235543
23625849
7740329
47842438
84027634
26649282
93447708
74521371
19024553
43434994
48224756
82427529
93924200
1134313
85223719
28044418
50124232
9247092
67126083
68035183
19234647
75920674
62737124
31543853
75532350
10934437
87722907
13144785
42920567
35644460
60620723
32926674
98347053
83122730
5236515
4423273
95124389
34043468
15032836
18032645
8321042
85749506
35036517
12631174
68336401
13237114
80522526
64041956
13626523
38142439
12939908
28425810
58940727
34137244
27834577
5535237
68421702
18845709
70441267
59538659
54139016
9324386
60223251
98447376
8444419
83049645
43829225
60444324
60926798
85531248
20635585
91035174
70132046
87634010
15225301
98127421
68248946
14824686
9133638
55638023
7428775
1732603
65145406
90132899
68826626
33635957
61529478
55340707
30825647
49041628
45234149
56541427
30627989
42822657
21622195
78441602
84345593
2827834
97343018
64727865
38734384
79731987
20746568
42426770
31627644
10840088
82935472
88030431
1249204
71743788
73533794
97046573
38025277
96929626
51045658
55539616
6247654
21441381
64829666
96322516
98242475
5628274
1921652
45147036
71038681
95723945
73242528
37935131
30240228
46240100
76825591
48638673
93642386
61847126
89541806
78822678
24026853
44734445
27935442
62532154
47038785
27333088
93840544
60042467
12733907
65841730
57645092
58043329
92025959
15141166
64934276
46340303
20929438
9736900
5343656
14636354
34723648
38231776
49248802
97920153
72942550
94946852
18536000
78047678
3438778
54730334
61642988
7531656
39843462
95535322
40134258
23537579
92423005
9529670
56845233
56620142
56739293
6731131
35223577
46845632
77927610
75339538
65325946
32127410
3744627
34625363
24144945
29042471
15940459
61745013
88334150
66046817
57428875
66628397
86932081
128032
86546925
40735947
83825682
33340725
9628749
82241972
32730565
26843443
72146261
64434878
13830572
79229257
6140482
74641102
32843992
73848935
54627332
6027666
76720278
17129163
58830035
84829254
31038132
26546027
57838143
67329221
27437073
72532010
65626032
18337946
87943265
42344905
89038140
71136380
4926267
99539592
16336730
63735158
46633581
99441916
26736377
78944850
12232983
92824433
44220363
30030444
11729870
53126189
72431547
78235158
34446004
25149323
8624212
5449080
19545355
35543518
68745667
6831057
56943501
3324165
69646325
18636338
76920697
65036752
38421991
16430708
92731266
22440874
55139961
49847515
50431312
67545275
29441871
66531038
36830838
62221261
75621548
16825559
13934543
91444328
11425658
39131820
87146297
68145757
12132840
16536392
21828592
76546929
50839288
840856
33124436
37633359
99227538
52648567
47241041
40240463
53238245
49630618
31447496
87238127
44833164
45840941
41647492
25037104
87441890
99849897
40047000
92630681
66724498
36343831
7330126
54334593
11625441
96223268
77439966
41933418
47730841
90028608
81335522
44022343
78336414
92545839
29344599
57736207
83741739
14023604
85324428
15844367
31340828
54427361
91727658
54828962
79130187
72026524
91641166
79536455
70934453
8534162
86446822
27533309
15741777
11547551
28222696
90843882
39637388
40949738
17623681
47147975
47527993
18225397
74043117
88741470
11136683
54545509
89829223
56143052
25525954
92320943
5127080
57144283
42245238
37546410
43030315
36945231
16049617
80032684
78648764
44332451
44531612
88428982
1343904
23443899
65726894
69930452
89128727
42520888
22549081
67841072
87547627
42627106
2130247
53421001
81722312
17246449
24721268
18440440
3249754
81547493
49441521
1844714
34928235
70625449
25348265
21947904
67625942
62131078
47626624
85847039
25235080
49538766
35824082
18930704
57941986
98620306
90741910
51936646
59130307
59033952
4333461
10748196
90346735
65233286
33437049
50035840
9026733
50540515
94434368
88633330
75422561
248150
89728595
20331087
26442595
96031782
56032340
62423387
63349344
55449762
3544627
33534355
37747043
69020750
8046596
52547316
29640625
64546722
29536007
76027509
57232516
73342790
27138228
53634412
49349660
98745237
66944731
96836841
93747933
89946925
17328865
66425097
32439941
42125183
63141520
77343148
73740731
24220073
94143650
97849041
24529386
86022910
77044557
11838175
6931081
76427198
51622973
58323935
62337449
37320397
728543
75220803
32636359
83532929
25446188
83429592
75048315
45749046
45649854
45922510
26331703
35329553
82146195
4046326
67923540
43222758
15430602
43338710
56320585
36045895
1530161
38847994
58231947
78525652
11026197
73435282
7020539
43137589
74845160
35938452
45047863
93133041
71422781
74230658
39948226
6444647
44449021
17825921
92243643
22930671
30734757
70342243
72241224
21042867
36628186
29741153
75139616
35721288
34821772
7846418
21236127
44148235
19838451
61331280
81435617
12529904
82344352
48439265
100028557
52441077
47327080
99932412
57527809
37040797
31834940
95244385
80724821
24330912
68549733
90523042
71337627
28920196
45331032
7145315
69836017
94743466
91823529
77537352
4643622
23946639
41021077
27234236
10047981
19749095
25738408
87327068
17740185
51745522
13721235
80644214
16725163
99338732
69749184
17039707
61247785
33941604
28548885
59430892
32026940
51524807
40347406
80149223
41431249
20424954
54031117
20822857
37142238
48739118
63046093
8120763
42045939
96142711
88930369
82630806
82047162
51426849
63528986
6345352
38944387
48929613
14544817
51831857
55946305
67732974
54939190
69141375
53033809
72345014
81237959
15530459
58431693
46543026
10223052
76243714
33230004
4129370
11235200
86749486
93028190
75828153
8938678
24431140
90936457
46121255
48329821
16649108
48546696
77823749
94625390
74323325
36731260
57030924
9840802
14338804
86325537
21336196
66331479
2923789
69238490
90427899
99730998
19145325
95846589
7640864
96742373
39733837
6536431
20046706
92129601
41122394
426941
49725101
22044287
3939409
13023712
60126807
55748328
77731067
73944279
80833593
53735874
17435899
80232561
56240426
16929679
87023675
39040768
59233778
66137822
69347355
48027740
2534619
62831120
23040538
79343402
59845884
99035464
58140987
17524498
63836333
3026015
10338431
43620851
76134408
7240451
63935666
1643556
85032457
59748967
88538380
38546706
60836265
75747027
27033015
63434434
99121466
625849
84223393
94540773
88837885
61129594
20532673
89640329
95028380
98022667
62939923
94246446
93240735
97633790
89422196
89244985
65925084
95322022
27630406
62626107
37220406
97525575
5936108
72831194
12846805
25846813
39321587
22231161
